90 101001001001
72 10100100011
86 0100011101
33 10100100010
80 101001001000
83 010001111
67 010001010
70 10100100101
65 101001011
120 010001011
73 1010010011
63 01000100
78 1010010101
66 10100101000
77 1110010001
84 11100100111
112 01001
109 0010
76 0100011100
114 0011
101 000
110 0101
81 01000110
32 110
113 101000
100 01101
111 11101
82 10100101001
45 11100100110
104 1010110
105 1111
46 1010011
58 1110010000
117 1011
69 1110010010
10 0100000
97 1001
68 1010010000
115 0111
108 101010
116 1000
102 111001011
99 01100
44 111000
103 0100001
98 1010111
59 111001010
118 1110011
