0.000000
0.000000
0.000000
0.000000
0.000000
-0.000000
0.000000
-0.000000
0.000000
0.000000
-0.000000
0.000000
-0.000000
0.000000
0.000000
0.000000
0.000000
0.000000
0.000000
0.000000
0.000000
0.000000
0.000000
0.000000
0.000000
0.000000
0.000000
-0.000000
0.000000
0.000000
0.000000
0.000000
0.000000
0.000000
0.000000
0.000000
0.000000
0.000000
0.000000
0.000000
0.000000
0.000000
0.000000
0.000000
0.000000
0.000000
0.000000
0.000000
0.000000
0.000000
0.000000
0.000000
0.000000
0.000000
0.000000
0.000000
0.000000
0.000000
0.000000
0.000000
52.311063
48.678350
66.841914
29.788244
0.000000
21.069734
53.764148
0.000000
57.396861
37.053670
0.000000
64.662286
0.000001
51.584520
61.756116
0.000000
58.123403
34.147499
48.678350
46.498723
61.029574
53.764148
5.085798
54.490691
18.890106
33.420957
70.474627
61.029574
0.000001
0.000001
0.000001
98.000001
132.000001
0.000001
0.000002
0.000000
162.000001
68.000000
78.000001
96.000001
20.000000
41.000001
0.000000
0.000001
0.000000
148.000001
0.000002
0.000000
138.000001
114.000001
34.000000
178.000001
146.000001
6.143594
0.000001
0.000002
0.000000
56.000000
0.000001
20.000000
35.708916
0.000001
157.984901
138.507310
11.830224
203.432612
20.180970
117.262960
28.600722
6.263060
14.067149
0.000002
30.298474
47.611888
57.759328
110.373013
53.339516
27.052209
160.149077
10.438433
30.298474
0.000003
144.999840
168.805784
207.760965
0.000000
0.000000
207.760965
0.000000
57.759328
259.774131
62.013363
156.155147
92.120077
80.308361
171.017970
149.370125
188.336246
64.943533
0.000002
0.000002
167.309086
74.685063
85.540071
0.000001
77.315064
0.000004
167.309086
185.155388
54.285045
185.155388
54.285045
78.077573
216.386417
211.066481
19.483060
182.924600
62.013363
110.404006
149.462783
45.764940
76.749196
50.849934
76.749196
147.210795
195.772244
132.156778
3.342575
53.801502
226.282204
52.307016
201.068403
56.790474
53.702380
2.678854
39.437685
81.359894
114.516743
121.053379
138.987213
15.180172
79.207766
172.889774
39.437685
275.616564
22.655691
64.262905
15.180172
61.564959
56.790474
21.796278
262.667947
67.568461
174.284283
27.225772
60.303035
60.303035
74.656316
144.855313
12.605088
155.959093
13.000001
50.131439
27.943856
239.998029
234.283790
81.713253
122.856134
0.512543
279.997700
0.000000
17.912683
40.686385
62.856627
38.000001
5.085798
0.000004
147.116858
66.780053
225.712432
197.362679
3.629931
266.705122
274.148315
38.103093
423.687609
341.746529
372.834775
115.321576
315.458335
157.729167
346.175369
3.629931
275.127389
95.452359
185.163570
136.776753
154.408228
27.216495
136.776753
69.442424
151.072851
0.000000
38.103093
3.629931
38.103093
289.262530
281.770649
346.175369
248.530780
31.544164
145.531252
21.232908
3.876839
42.058886
277.081368
178.000007
114.761666
141.121021
301.249365
21.232908
350.767633
170.000007
160.926392
89.657549
81.000007
338.960285
178.000007
242.758692
28.000001
311.794885
97.875707
268.972648
326.353479
284.497095
178.000007
80.463196
338.960285
512.147317
358.230774
160.859827
37.751504
23.767819
1.204565
237.438317
511.248034
212.644150
120.237204
275.622503
208.924565
78.755902
511.248034
151.397484
235.093460
237.438317
301.508973
118.888388
49.485303
44.739425
49.485303
86.993803
12.580499
23.767819
74.476227
37.215786
227.096226
111.182527
85.882582
127.741627
92.577575
69.253658
61.881180
155.196534
275.480097
94.281256
386.165502
90.230543
280.715571
503.781497
356.805575
37.003188
406.817621
94.281256
51.940246
403.789923
146.544760
574.389650
37.907001
218.300093
520.856918
146.228315
411.590107
20.030459
534.385669
252.631466
146.544760
218.300093
1.970703
456.086335
196.734223
291.680712
89.628316
127.800419
236.381591
164.727466
48.178239
313.244046
91.389712
10.539395
94.775601
275.393808
89.628316
95.937584
274.887632
109.997228
65.580477
302.267857
306.551451
55.752020
62.315240
297.951915
154.256578
175.800230
22.006205
63.444206
162.759615
501.465122
313.244046
251.949398
249.339963
42.782999
277.975308
371.941023
284.388712
212.736706
297.061509
301.101983
185.741050
29.000243
474.651135
577.308776
519.964767
277.349415
416.360264
106.124124
108.885127
24.012574
108.885127
252.391900
253.570613
22.947228
641.478138
545.257095
55.350546
253.570613
297.061509
94.130092
419.859237
310.741798
32.443194
170.949189
755.527777
198.580364
228.514877
105.480546
535.422924
174.684558
53.225123
228.514877
228.514877
16.390498
53.225123
527.663945
267.711462
413.000576
71.872521
53.225123
121.135387
174.742990
627.746443
284.227009
174.684558
295.429553
97.445160
48.076451
339.034143
165.728774
190.810953
48.076451
97.445160
206.202260
173.967221
326.188540
155.063308
143.513160
326.188540
238.309695
615.617879
694.239872
367.496399
389.639972
207.501112
422.151070
15.343144
161.032325
254.733683
239.095865
517.475505
0.000000
457.554011
254.994961
494.019929
353.370918
25.786086
156.241843
414.064193
207.501112
15.343144
104.974466
239.095865
155.999937
242.758542
243.052725
198.422074
309.107815
37.103506
5.199120
196.351358
440.227060
325.844253
241.346983
284.822556
265.645143
196.854785
395.370375
548.548594
196.854785
242.758542
165.547204
465.067378
241.346983
101.321910
465.067378
274.413506
197.685188
94.820072
494.259541
199.508679
202.516795
243.052725
431.618149
269.892441
24.300319
497.377457
19.853976
673.508913
211.319630
52.748776
431.618149
145.180595
205.003373
90.407045
211.319630
211.319630
99.503504
80.586386
142.084769
289.416526
486.422804
162.726796
80.549746
91.437193
211.319630
585.951524
416.715334
121.987109
80.549746
599.578304
0.000000
390.232798
294.589042
121.012278
474.426915
275.945489
314.397737
283.089570
95.515546
307.267853
624.000687
94.859957
296.656064
283.089570
564.417156
133.885895
461.835129
182.784326
802.385272
94.859957
133.885895
564.417156
498.114848
147.401073
106.901786
133.885895
610.412252
802.385272
27.337909
183.318273
0.000000
0.000000
16.466141
125.253339
73.195302
163.690487
590.155232
161.565791
19.553835
239.976126
171.027249
32.784256
382.511554
16.466141
104.848839
32.784256
433.476251
146.745525
181.219915
429.306653
329.818887
546.879319
115.321322
125.253339
31.504639
513.634745
8.402575
361.095696
230.121117
0.000000
181.219915
190.444997
87.654404
239.101220
108.707076
60.207255
9.602836
353.297998
72.093168
902.624242
0.000000
279.419682
198.486197
668.427741
758.461045
741.243401
369.009454
28.177816
400.609239
127.809320
370.424761
267.840414
361.341788
96.680056
364.168706
800.466565
135.319911
279.419682
352.026324
495.854482
473.635417
255.086109
427.517215
579.988108
675.672990
339.842492
635.622696
365.088309
180.361568
257.273331
528.066149
380.500319
7.148544
544.978331
272.369220
324.640668
238.115068
693.338941
557.317263
289.419245
147.956150
708.782015
324.640668
580.738878
580.738878
29.223104
58.238547
42.198689
272.758218
175.353411
272.369220
766.718097
440.657992
282.694538
282.364759
400.109823
27.791747
380.794934
64.177283
381.635319
172.736554
400.109823
163.956908
78.325202
10.503392
638.689731
253.397054
28.975300
282.158087
138.967297
292.593082
657.616650
285.390829
19.273694
262.591617
781.340996
586.792154
133.753481
337.865683
781.340996
172.524772
339.891690
558.870463
578.668832
70.845949
376.172949
99.221778
203.148452
157.809007
265.638779
203.148452
83.240731
197.243657
40.025122
99.221778
128.303434
353.424182
200.782478
6.619235
439.641663
102.205039
582.798686
560.230356
177.647428
358.851188
157.809007
358.851188
157.809007
197.243657
40.025122
423.662808
376.553740
175.442829
24.451208
627.046394
551.698730
642.544790
288.793794
274.605684
613.556549
358.671610
112.601810
25.656618
112.601810
666.958861
285.780337
522.890207
185.531358
433.273919
229.612821
288.793794
86.122595
284.864170
177.042644
284.864170
666.958861
133.375294
284.864170
19.937492
133.375294
367.848582
8.151075
672.609177
829.460153
242.280625
48.218338
438.075580
786.759857
492.226934
173.407079
101.352236
151.379307
811.447173
540.288854
48.218338
218.387679
452.336405
65.923185
246.962552
697.490452
108.064897
672.609177
1052.072548
829.460153
899.408147
786.759857
268.348355
647.040591
956.039868
115.754992
542.057174
750.523273
962.656991
583.707421
182.182254
278.684136
192.306481
274.537361
251.344568
544.957537
414.619583
368.915292
400.590882
143.738968
222.412715
519.382234
606.476880
182.182254
182.182254
468.258637
67.600327
547.222959
176.219963
409.212840
395.795195
864.330722
547.222959
902.385862
456.688136
92.854496
583.278397
182.182254
383.947946
497.422327
89.549832
236.564277
141.312066
141.312066
497.422327
641.223870
0.000000
114.622703
472.194058
30.954620
284.145354
121.571102
402.473090
641.223870
60.736526
537.120741
400.696788
183.343275
384.920441
611.793920
141.312066
284.145354
371.638238
400.696788
641.223870
373.661327
472.194058
391.373961
619.277136
443.312257
52.905826
140.433112
36.439335
321.600697
99.683451
302.523640
177.010960
302.523640
715.411329
380.476518
46.264918
302.523640
77.545967
639.561660
182.836283
667.311432
802.026485
337.505974
46.264918
402.874890
380.476518
418.533506
559.279234
139.592962
789.798224
110.624560
418.533506
327.880179
114.162457
350.640107
350.640107
287.043336
472.700076
803.587435
79.352264
312.052100
40.605019
569.441527
803.587435
943.628656
343.144742
107.533210
114.162457
170.195653
99.652468
906.867211
704.730254
424.170576
707.909708
227.168992
264.690591
0.000000
31.118918
906.867211
262.632399
343.144742
976.911577
32.800793
587.473409
627.718603
576.640048
793.579334
60.948036
340.707797
294.882673
257.289255
83.192574
60.948036
782.250189
954.066597
639.613260
392.368448
355.788741
1086.161036
437.878935
643.907332
459.041634
40.638311
1188.231336
630.416541
212.179535
90.815848
296.691647
72.812931
181.297062
647.710211
170.975262
643.907332
320.188324
208.423619
447.001399
415.576366
915.645176
596.252350
61.924460
63.978847
152.504525
254.819830
808.632100
452.586139
497.074665
992.622838
992.622838
603.281292
693.223519
385.475979
448.376305
750.238384
21.959110
61.924460
241.487772
367.212536
224.274692
429.337323
1070.633747
29.408653
109.563900
892.288627
661.253749
450.593489
293.826598
160.023966
306.110578
704.344918
279.151303
500.984289
515.737215
321.464748
607.907021
93.082614
219.768329
48.904992
189.091476
317.920457
161.262108
362.982887
93.214916
201.118842
241.456501
687.734803
966.656157
1225.766925
215.868148
362.982887
825.199004
966.656157
144.015267
11.876507
136.412727
21.295501
586.893708
136.412727
172.565065
1040.505281
1040.505281
322.293956
625.078757
370.392135
353.386079
266.899843
822.345160
475.660191
1302.756813
614.626430
573.640883
143.822965
203.050859
1199.084497
267.004120
68.706302
1199.084497
34.104870
21.295501
353.386079
669.196625
573.640883
343.508531
228.400890
388.953123
314.852892
144.894735
297.338048
991.514126
495.840100
611.631964
554.068152
521.353368
860.609763
611.631964
343.084902
735.717799
234.781432
611.631964
611.631964
333.809842
120.555580
255.018556
266.786876
577.080664
249.227475
626.387100
864.961237
26.360491
626.387100
643.283390
265.564300
436.276444
354.268277
399.482705
134.057565
432.438955
368.833240
177.216853
488.251773
49.569480
858.919147
246.617535
49.569480
557.857446
33.544003
277.455152
434.301947
569.799204
33.544003
674.872278
71.722147
561.104150
432.438955
338.022158
766.740600
280.875919
148.026127
488.251773
119.914274
601.819909
61.185236
447.074362
604.712121
741.096409
223.925652
175.125695
23.582526
362.258061
182.122289
49.915927
49.915927
671.425252
862.134287
915.203611
280.491999
597.945862
850.572706
574.409772
368.934180
588.834016
865.734003
176.805607
68.634232
249.928085
702.740507
850.572706
641.345362
722.752869
588.834016
315.460370
722.752869
23.582526
570.015994
810.441668
636.219592
1007.672969
335.993199
671.038086
409.666880
82.506262
360.906567
113.503680
370.586639
266.747000
780.406028
256.049883
204.897185
113.503680
28.080757
1078.877243
399.339145
676.277068
58.723457
599.136334
600.556104
204.897185
256.049883
220.842901
577.565214
0.000000
191.126954
842.315657
549.982262
156.530985
729.783879
751.500838
453.312857
490.219784
927.891200
626.676274
440.344180
410.257114
141.527540
852.563506
722.071401
141.527540
627.398292
36.954767
852.563506
75.647677
13.636004
261.020475
1192.669091
238.468556
0.000000
881.762345
444.177218
1082.492402
751.500838
491.235389
522.958856
321.427653
518.447408
541.628583
166.329535
830.014502
316.380645
49.443525
108.890875
822.140675
71.304833
12.260823
316.380645
744.170961
613.166671
518.785298
320.478546
721.160194
675.412268
490.595159
260.045068
830.014502
566.002110
318.853164
315.034647
124.391444
395.624812
108.501596
525.602874
330.518673
12.260823
410.996541
721.160194
785.234937
349.357897
749.347305
369.296709
1278.209990
1210.536981
564.623289
349.357897
349.357897
504.664150
506.954410
344.129130
809.872362
444.585938
506.954410
615.295870
119.812457
369.296709
71.408692
27.114494
590.650194
119.812457
1183.492744
113.035852
850.741997
615.295870
102.113531
572.681534
113.035852
453.455454
173.942475
646.272670
104.885743
775.267090
775.267090
445.148131
775.267090
118.159726
127.200834
775.267090
983.843013
458.553499
262.685235
217.815834
1068.216052
35.126477
262.685235
860.942084
445.204450
169.621491
948.765322
901.253641
646.272670
830.744168
605.188330
1102.223710
646.272670
218.676047
309.721217
127.200834
969.188118
1126.973168
969.188118
483.303781
686.751576
849.148593
115.064380
744.873524
403.822551
554.298589
1234.127561
445.563471
485.184333
212.885172
519.828556
7.682830
519.828556
926.150549
694.691685
1029.831361
1126.973168
1145.134084
66.187270
577.134145
363.889538
217.569049
442.117162
444.848784
99.579071
375.594515
985.575038
881.882463
411.561371
985.575038
386.829675
147.036535
408.964553
715.856608
327.741582
541.201218
386.829675
327.741582
1268.473612
287.131693
59.698848
295.830457
384.685175
59.698848
347.161453
318.367985
164.037832
748.119735
748.123344
35.431595
586.583366
0.000000
23.641625
286.884575
386.829675
748.123344
301.152088
563.959770
956.111296
250.671831
505.782068
118.371959
368.178276
12.557273
118.371959
984.511100
648.322547
648.180794
0.000000
65.273868
648.180794
483.856482
372.352119
635.007055
793.453776
155.134349
876.726258
574.666363
840.350520
789.961243
80.392833
394.681713
631.500667
713.572701
65.273868
394.681713
52.611072
857.120064
739.482213
491.309804
830.847504
390.803024
179.261131
785.513633
745.981103
785.513633
207.309880
528.584001
1168.754395
669.995952
391.153513
207.687862
343.869192
265.067217
901.048110
560.686039
608.511617
689.415322
351.601585
689.415322
351.601585
174.737410
874.179233
739.482213
296.346603
151.881663
119.825606
1010.656444
402.527345
657.474960
1052.769488
202.087315
399.210464
1194.907388
202.087315
381.971255
372.056328
810.716862
1126.151759
162.754515
400.483915
96.230601
590.985463
1035.377817
1297.449215
218.938414
218.938414
821.090701
46.922118
395.903091
380.291654
694.389837
376.834468
375.738713
1010.656444
971.086195
0.000000
578.681129
541.877351
358.509259
757.233435
0.000000
1106.271755
969.278522
1002.875886
637.895876
969.278522
637.895876
871.070353
571.264630
857.645521
571.264630
893.882858
664.709693
758.853154
72.283747
664.709693
871.070353
358.722919
388.097449
590.340738
1093.053857
414.375976
234.306529
651.029217
659.013395
715.913046
1150.743458
440.004454
698.664932
715.913046
647.975560
652.700464
0.000000
628.305230
436.884301
398.619309
440.004454
1100.947534
707.492793
933.373491
210.539785
387.694882
89.459153
223.638585
715.913046
501.710391
754.256250
89.459153
1101.017349
944.297950
89.459153
440.004454
702.843850
104.217382
209.267401
442.202546
269.707073
554.503650
1280.063042
447.277031
475.497565
192.321229
1230.866989
713.255016
679.658373
210.464243
192.321229
65.671077
151.829910
751.430626
119.596693
365.391494
803.541468
189.687639
607.069217
1010.686003
954.912541
401.208685
260.054655
1057.937970
467.128535
554.503650
332.066620
343.717440
1010.686003
1080.523923
453.246502
680.723495
764.087451
80.353996
282.585354
269.111452
621.307137
841.066508
453.246502
131.461215
621.307137
410.072470
963.740001
1255.538232
1033.120839
528.846578
435.594096
80.353996
919.311851
885.366367
271.380758
841.066508
420.648649
371.207209
878.956404
768.868025
346.059888
47.974667
271.380758
1001.510165
60.544952
302.642774
715.640652
643.025737
654.113999
115.336752
1122.158792
495.729002
227.671254
572.339592
8.645239
910.383037
654.113999
929.432223
569.765923
890.236799
629.649342
160.071442
736.987625
349.816733
499.181032
227.671254
577.363809
820.920136
944.586913
8.645239
820.920136
29.432118
59.052839
617.924991
444.707979
430.096070
780.101470
373.321203
1366.415329
1366.415329
369.882445
881.798912
1066.827731
360.567366
505.687963
559.682658
90.682008
988.392185
769.465218
221.496149
444.707979
0.000000
337.522296
21.006739
780.101470
723.977147
313.155974
793.428555
21.006739
1031.785634
145.870128
90.682008
1366.415329
391.340153
576.724803
849.564635
539.029584
597.012488
1051.630104
745.667110
745.585573
826.895460
1081.297613
347.108908
488.915407
163.699086
213.410851
819.799128
539.029584
674.764509
597.012488
550.329175
973.401301
586.146240
314.038445
314.038445
250.815087
41.845357
566.381248
90.400438
99.138899
478.687424
982.437477
80.805901
703.022133
504.653396
285.318504
717.754233
717.754233
717.754233
445.068908
951.460555
149.648893
187.310610
525.657885
974.348380
1117.289013
820.979837
367.315705
714.555012
280.183060
269.680643
1342.207980
556.206915
820.979837
43.887036
951.460555
367.315705
111.150659
149.648893
1012.526687
585.872802
717.754233
428.183934
722.368310
428.183934
746.978177
572.544432
523.645356
933.642838
112.760032
483.942845
713.677217
441.216649
1081.357302
261.634460
916.739282
439.263450
1112.895093
1082.875376
551.438953
1212.269686
778.214005
1212.269686
482.740200
916.739282
278.733111
336.734808
961.688004
1081.357302
93.546597
441.216649
1247.118758
674.022805
255.557316
1110.564263
97.353513
46.036098
255.557316
408.800649
416.276612
408.800649
881.605105
1111.732089
768.997952
731.614499
151.067417
524.843407
580.982133
893.464601
705.490958
408.800649
854.848089
308.254520
344.107522
308.254520
367.960230
450.391874
362.752140
408.800649
1215.683013
42.579688
854.848089
595.380629
818.311385
226.475846
810.851781
859.932336
521.810903
509.742934
278.500735
174.558531
150.212613
210.355681
1006.445277
501.298905
987.400235
174.558531
76.167099
307.123633
1108.129491
401.912365
850.018048
252.020169
859.932336
617.546464
914.400385
0.000000
174.558531
1030.768887
1030.768887
538.365990
326.070365
653.086875
1018.991063
880.826101
553.156501
1087.722456
1132.250769
635.137238
475.324765
700.567155
698.835746
20.904871
700.567155
132.462457
709.093809
901.052326
170.082327
1133.129285
273.622923
179.271008
1244.357049
964.098805
534.242695
435.655999
901.052326
0.000000
319.419617
651.834939
475.324765
733.821972
534.242695
875.178960
214.855271
929.715305
232.322081
875.178960
731.969829
728.335662
884.423506
0.000000
358.234752
855.627829
310.065554
609.206983
1114.353825
875.178960
545.693591
404.138302
1009.899536
1070.387003
700.962119
647.616600
582.876206
36.065443
36.065443
362.463331
884.423506
1062.133559
884.859048
120.514597
731.134214
887.666535
456.742833
1023.995828
1115.867378
1009.954848
373.867080
54.039645
726.312965
621.690758
428.850651
918.096576
1133.944420
836.872020
859.145198
258.531963
1114.331713
540.205331
641.974211
140.538464
258.531963
275.492087
109.945426
1267.542971
348.450777
1115.867378
918.096576
348.450777
726.312965
1114.331713
258.531963
991.364569
1037.605549
246.335001
347.673412
215.305920
878.437195
649.737186
680.597861
1139.754864
122.114520
1084.430016
790.002589
585.689975
411.039633
91.600474
585.689975
91.600474
111.927766
931.381163
246.335001
786.047400
1135.188035
1139.754864
672.938186
246.335001
246.335001
1135.188035
544.517857
1321.590081
878.437195
73.302592
1035.287860
347.931821
74.694507
1030.076339
859.541304
343.247120
501.485085
240.878220
35.032112
264.258494
465.248235
325.036143
157.712517
785.763836
373.092434
157.712517
381.590432
869.994679
51.287116
354.087997
623.087177
238.239653
471.793329
1183.516331
817.998029
347.931821
370.098880
870.290671
73.302592
292.162051
605.112154
144.787764
857.808569
857.808569
1076.858945
466.194771
705.209981
661.794958
343.821596
233.627060
162.622946
1125.505318
157.834612
196.447017
911.700520
13.718764
348.291319
1010.722963
1257.358597
832.235981
130.211569
366.634195
714.041537
1094.763968
809.854363
1351.620201
1336.192503
233.627060
1043.350555
937.933919
884.712530
293.545669
616.329750
616.329750
699.826872
754.937045
1102.520668
216.064795
216.064795
255.486597
108.006045
1084.013125
169.014096
631.245395
933.342285
965.224067
800.011811
891.691085
897.768464
448.173640
965.224067
1230.216045
743.805776
1164.994520
399.299820
1063.093318
1225.463197
1197.407034
1164.994520
44.125661
354.392186
1209.332892
1017.210056
80.022251
542.223269
778.549497
1440.015802
373.556940
542.433115
111.943144
778.168956
632.084120
396.392787
1209.332892
504.442183
142.462235
354.392186
530.592560
249.705673
835.295705
493.357784
809.382111
1020.676693
7.720447
149.741800
189.462018
756.813177
145.205172
1085.447160
970.022764
133.173198
889.732118
866.281572
481.784775
253.290427
1142.054790
913.342823
957.059373
419.057077
864.752983
523.313917
167.717213
1217.197786
781.702691
581.851121
866.281572
866.281572
15.314290
47.226554
1090.118268
984.878352
1077.340139
889.732118
526.820946
1030.589360
1071.564232
868.361848
719.734814
396.246956
1123.194980
423.028408
971.224084
552.051007
562.331532
755.841970
949.679438
976.671530
278.837973
1070.752433
209.314404
41.200345
124.690827
201.918718
14.312602
1520.958926
1091.748075
526.825709
819.670362
297.014975
949.679438
437.842082
1073.606879
1091.748075
437.842082
988.551461
1030.153273
685.041414
259.936559
573.803725
